%%%%%%%%%%%%%%%%%%%%%%%%%%%%%%%%%%%%%%%%%%%%%%%%%%
% dados.m: Dados das medições
%%%%%%%%%%%%%%%%%%%%%%%%%%%%%%%%%%%%%%%%%%%%%%%%%%

global Y
Y = [
0.090542
0.124569
0.179367
0.195654
0.269707
0.286027
0.289892
0.317475
0.308191
0.336995
0.348371
0.321337
0.299423
0.338972
0.304763
0.288903
0.300820
0.303974
0.283987
0.262078
0.281593
0.267531
0.218926
0.225572
0.200594
0.197375
0.182440
0.183892
0.152285
0.174028
0.150874
0.126220
0.126266
0.106384
0.118923
0.091868
0.128926
0.119273
0.115997
0.105831
0.075261
0.068387
0.090823
0.085205
0.067203
];